514

427, 5 et 8. 430, 10. 431, 32.
432, 1, 8 et 26. 435, 15. 436,
22. 437, 28. 438, 10 01 15.
439, 6. 440,10. 442, 21 0127.
443· 19 et 31· 447· 31· 448·
10· 459· 28· 451· 23· 454·
18 et 31. 455, 33. 463. 16.
464, 6. 465, 21 01 27. 468, 4.
469, 13 01 28. 471, 27 01 35.
473, 22 et 32· 474· 1¹· 475·
16 et 28 01 32. 478, 5. 480,
29· 489· 12· 495·18· 497, 1
01 21. 498, 12, 1401 21 01 32.
502, 20. 506, 29 01 34.

Aristeas 285, 28.

Aristides 18, 17.

Aristodemus 18, 15.

Aristonicus 285, 28.

Aristophanes Comicus ἐν 18 Πλούτῳ
4, 30. 242, 14. 274, 18. 292,
24· mm 277· 9· (Ἱππεῦσιν)

Aristophanes Grammaticus nd
Iliad. 8, 21. 271, 24. 287, 3.
290, 9. ad Odysa. 402, 33.
407,19. 427,21. 43ο,19. 438,
7. 442, 3 01 5. 448, 32. 451,
8· 465· 27· 471· 19· 473·19·
478, 1. 479, 3. 489, 12 01 18.
492, 13. 496, 28. 504, 19.
5ο5.17. ἐν τοῖς σνγγοικοῒς 221,

Aristoteles 7, 26. 9, 6. 16, 20.
24, 6. 27, 21. 98, 15. 162, ιο.
203, 29. 204, 6. 209, 26. 282,
25. 291. 28. ἐν τε πέπλῳ 244,
23. 442, 4 01 6. 462, 7. 463,
22.

Ascalonita vid. Ptolemaeus.

Athenaens 11, 20. 60, 2.

Athenocles 49¹· 35.

Attica 111111001112 12, 25. 13, 3ο.

32,31. 35,2. 44,19. 45,10.
49, 29. 51, 6. 60, 11 01 13.

61, 31. 65, 28 01 30. 74, 29.
88,20121. 95,210127.115,
27. 129,19. 130, 33. 144,1.
148, 25. 152,3.158,29. 197,
1. 202.60129. 203, 34. 204,
6. 208,31. 229,31. 233, 25.
235,2. 238,60130. 250, 21.

INDEX Aucrontm.

273. 21. 279, 19. 288, η.
289,29. 291, 25. 297,70110.
ἦ παλαιὰ Ἀτθὶς ib. 299, 21.
304· 9· 306. 19 et 24- ³07·
2ο. 308, 20. 309, 31. 326,22.
327, 10. 328,11. 340, 17.
359 22121· 355· 3· 363· 27·
365··35 385··2 3888· 391·
(35.8 392, 2. 402, 16. 404,η.
418·15· 431 22· 436· 29·
45839· 457· 8· 5984· 529·
. 11‚1 .

Β201711171ς11102 9⁷8, 15.

Βωοιὶοι dialectum 49, 30. 115.4.
155.3. 180, 9. 275,17. 305,
2101 34. 313, 25. 321, 24.

338, 20. 340, 17. 347, 18,
Callimachus 8. 17. 12, 2. 137,4.

217, 24. 233, 10. 286, 34.
308, 2. 351,5. 371, 20.
02221112 285, 17.
Charax 50, 8. 322, 11.
01111102 285, 3.
011120111110 1111111. 292, 5.

Cbronogmphi 180, 23.

Chrysippus 15, 22. 285, 7. 376,

0115100202 14, 2.

010211111οο 416, 29.

Cleophorus ἐν τᾷ ις’ 434. 1.

01111122 Pythagoreus 56, 32.

comanus 2 8,5 29.

Comicus 12, 29. 13, 26. 11112119-
811128. 25. 35, 2. 206, 52111.
207, 22. 217, 35. 219, 6.
385· ¹9-

0111111112 137, 10. 351, 8.

00211122 Ρ2111210112 30, 35.

012102 Grammaticus 13, 7. 94,

28· 438· 24· 444· 15· 453·
29.

Cratinus 148, 6. 224, 23. 242,
32. 292, 23.

Cretica (1121001112 42, 18. 229, 4.
233, 5 01 10. 249, 13. 317.
20. 436, 10.

Cyprii 287, 9.

Cyrenaeorum dialectum 233, 5.

Demetrius 286, 4. 5⁶7me 285.
26.

Demetrius scepsius 290, 18.

