INDEX AUCTORUM.

Democritus 228, 34. 285, 33.
Dicaearchus 422, 1 7 et 29.
Dictys 4, 19.

Didymus 406, 2. 445, 26.
Diocles 285, 16.

Dionysius grammaticus 6, 29.

uuuuu

498, 20.
Dionysius poeta 137, 5. 351, 6.

ἐν λιθιακοῒς 467, 17.
Dionysius Perlegeta 234, 15.
Dionysius Thrax 98, 17. 285, 7
et 16. 291, 27.

Dorica dialectus 16, 2. 30, 31.
γ 50, 24. 74, 17. 77, 2. 125, 21.

127, 22. 134,7. 138, 13. 139,
26. 143, 7. 145, 13. 181, 23.

19ο,33·224,33-235,6·243,

24. 265, 20. 276, 4. 284, 2.
285,10. 292,26. 296, 8. 297,
28, 30, 31 et 34, 299, 32.
317 19· 321,
327, 8- 335, 10 336, 25· 339,
7-9- 342, 31· 3432 23· 344
22et 25 346 3 353, 6· 363
2.7 368, 22.
1)111·ἰ326,13.115,14.
Ephorus 98,16. ἐντ
119, 31. sed vid. not.
Epicurus 457, 31.
Eratosthenes 21, 22. ἐν

κοῖς 455, 1 1.
Eudemus 209, 18.

οῖς εὑρῆμασ

Euphorion 20,15. 21, 26. 58, 4.
115, 15. 189,32. 257, 2. ἐν

Διονύσῳ 440, 24.

Eupolis 21, 30. 286, 14. 498, 9.
Euripides 4, 22. 9, 12. 10, 6. 54,
24. 78, 29. 81, 2. 133, 32.

153,34. 173, 1. 191,21. 203,
11. 240, 12. 283, 21. 321,

17. 375, 8. 464, 10.
ἐν τῇ Φαίδρᾳ 218, 1 1.

284,18.
Geographus 1. e. Strabo 241,18.

Georgius i. e. Chaerobos scus 238,
12.

Glaucus 16, 18.
Hecataeus 281,1.
Hellanicus 281, 20. 284, 1 et21.

286, 7. 431, 29.

26. 323, 32.

ὐΟλ umna-

ἐν Πολυείδῳ

515

Heracleas 5, 11.

Heraclides 49, 29. 241, 33. 243,

He2rgizlitus 24, 16. ὅ σκοτεινὸς 1 22,
14. 320, 22.

ἐν Hermapias 9, 16 et 19 v. not. s

285, 28.
Hermogenes 90, 33.
Herodes Atticus 50 3,. 23.
Herodianus in Iliad. 3, 30 et 33.
6, 18. 12, 6. 20, 30. 121, 10.

214, 7. 215, 14. 273, 19. 274,
32. 299, 35. 302, 20. 303,
25. 318,15. 328,9. 329, 12.
334,27,355,8-364,29·366,
24. In Odyss. 432, 1. 434,
6. 438, 11. 455‚33. 471,28.
495, 18. 500, 25 et 28. 507,
16.

ἐν τῇ Ὁμηρικῇ προσῳδίᾳ 137, 8. 351,
10. ἐν τῷ συμποσίῳ 277, 13.
ἐν τῇ Ἰλιακῇ προ σοῳδῖᾳ 288, 20.

νοπ ς ’πιειοιμρσμ οῖς348, 4·

Herodicus 15, 22. 238, 21. 376,

Herodorus 79, 4. 82, 21. 90, 23.
201, 33. 208, 20.

Herodotus 179137. 189, 21. 193,

·,195 34 τ’,ἤα 8, 34· 11,
32. 33, 29 sed vid. not. 58, 8
vid. not. 222, 12 et 18. 236,
18. 378, 9.⁷

Hesiodus 3, 28. 5, 19. 7, 2 et
24. 8, 2. 9, 2. 12, 10. 16, 3.
19, 22. 22, 4. 36, 25. 128,
14. 155, 14. 160, 23. 163, 15.
188, 18. 191,8. 193, 18. 194,

7. 214,17. 231,35. 275, 20.
280, 27. 282, 30. 295, 29 11011
nom. 304, 14. 319, 5. 371,
17· 377, 28· 395, 21· 417, 7
et 21. 429,2. 443,16. 458,
29· 459, 5 466, 6 464,,1-
473, 19· 477, 10· 506, 27· ἐν
Θεοονγν νί,ᾳ6 1. 25,16.
Hestiaea 281,18.

Hippocrates 15, 22. 376, 5. 450,

Hi{){)onax 1 15, 32.

Hyperion, sed vid. not. 468,
3Ξ U 2

