INDEX AUCTORUM.

 

AElianus 52, 24. 205, 21.

AEolica dialectus 3 5, 12. 49, 30.
50³ 2· 72, 7· 752 ,3- 79· 7·
Αἶολικωτέρα παράληξις lb. 97, 20.
115, 4. 117, 14. 125, 27.

131,12. 134, 7. 135‚12. 136,
13. 138,14et28. 141‚2. 152,

32. 160, 9. 180, 9. 183, 28.
218, 1. 224, 33. 237, 2. 241,
34. 242, 1. 243, 26. 274,5.
275, 17. 291, 1. 295, 27.
336’ {⁵153} ⁷3334’2ZQJ‘2’8'
321, 19 et 24. 323, 32. 32ξ,
10. 328,22. 330,28. 331, 15.
332, 19. 334, 26. 338, 20.
349, 16. 350, 21. 351, 26 et
29· 353‚6· 358, 14· 363‚27-
364»7· 365‚3¹et34- 369,

21. 399, 32. 480. 32. 511,
21.

Anonymi poetae 12, 27 et 31.
(Ion) 46, 8 et 387, 10. 279,
29. 282, 14.

Achaeus 236, 25.

AElius Dionysius 13, 32. 220.
27. 224, 22.

AEschylus 7, 14. 18, 22. 19, 11.
154, 6. 180, 32. 189, 17. 200,
14. 211, 32 non nomin. 213,
18. 226,30. 232,31. 283, 1.
ψνχοστασίαν γράψας 1 1, 24.

Alcaeus 121, 7. 278, 9.

Alcman 433, 19.

Alcmanicum schema 251, 12.

468, 30.
Alexander ὅ Κολυττεὺς 25, 3.

Alexander poeta ἐν Διονυσίῳ 275,

Alggndrini 392, 1.
Alexio 437, 13.
Amerias 237, 5.

Anacreon 287, 29. 455, 29.

Anaxagoras 14, 13.

AnchemachusEuboeensis 372, 28.

Antimachus 98, 14. 375, 7. ejus
recensio Odysseae 417, 19.

Antipater medicus 14, 32.

Antisthenes 16, 16. 412, 7.

Apion 19, 32. 79, 4. 82, 21.
201, 33. 208, 20.

Apleanthes 281, 18.

Apollodorus ἐν πρώτῳ 5, 10. 20,
10. 178, 6. 246, 8. 272, 2.

419, 2. 436, 15, ·
Apollonius Grammaticus 12, 6.

13, 10. ἐν τῷ περὶ ἐπιρρημάτων
286, 1. ἐν τῷ περὶ ἀντωνυμιῶν·
43 8, 1 1.

Apollonius Poeta 137, 4. 351, 5.

Archilochus 284, 7. 371, 14 11011
nomin. 496, 12.

Arctiades 435, 21.

Argolica dialectus 42, 1 8.

Ariaethus 202, 4. .

Aristarchus in Comment. ad Iliad.
5, 11. 6, 23 et 28 et 29. 9,15
et 19. 10, 1. 13, 14. 18, 28.
19, 34. 20, 21 et 28. 27, 25
et 31. 98, 16. 121, 10 et 13.
122, 11. 139, 17. 142, 10.
153, 14. 156, 6 et 14. 167, 26.
168, 9. 207, 14. 234,1. 271,
24. 272, 28 et 30. 274, 32.
275, 34. 280, 17 et 34. 281,
5. 282, 17. 285, 17. 288, 22.
289, 1 et 25. 290, 22. 291,
21. 292, 4 et 5 et 8. ejus
signa Homerica 293. 307, 24.
318,15-17. 332, 16. 334, 26.
366, 31. ⁴386, 4. ad Odyss.

393,4. 398, 14. 406,2. 410,

26 et 28. 414, 26. 418, 4 et

12. 422, 6. 424‚32. 425, 2.
3 u

